931591951369793547
545499445400174593
822132421373722645
1147134696325648454
387485869570916352
1143708840676818964
772922565873762325
1066698525636841574
1162418720036114632
872523327330218046
605186034795544579
1012740385463873536
387781083799748608
1127978954993700945
870292751504265256
1104040572857102346
1097507271656882298
470237927792705556
847904267858608178
668340730904707072
945684659021426708
627925217037254680
681855008714522679
744080392189116506
1114115118381404181
1015224052459249664
404460441843269637
890625402735849493
986956363605377125
641015979249238039
839354181348491275
858127800622907423
952496658434912267
611917286286032897
1098616196976349287
978260917504598076
945791708673736785
436638220206211084
726527268339318838
1158751847599849564
698660172125569056
735960733971382344
1116107665093967913
1055099204999065661
1115305096985714900
563021144240947237
819262397642178592
887116360797265940
1079459210653343764
285086577607180289
962032986029695026
967344445664157776
459469518746681375
748960639438815242
1015276556253405185
610492200513699860
1152576795871297589
591677573982060545
733626735265841163
850845775381659648
467468346913325089
1151603243978342441
504981852524904449
848515995325038643
686748567120904255
957748063412289587
826837372989079592
820994230238314496
769251966286168094
1101494905479630958
962481089287422002
1056208020557807716
1042836448686121000
1147931771766321273
917407233770418176
1153359508001792070
1124119697131048980
1134565297945321553
860718192607100950
1010550005200855090
1127186148511461459
459554922745167882
1154197954257760287
694500047685025813
717489737270558871
1160243730297671691
855124846861615145
970632945025052672
424583805828071424
1076867054495342632
1085238700729958450
973278262417584179
872510425370095676
1153251611838271528
1124775526582726676
845802214219055154
925247948697268334
1087456594196955177
932228395931148299
1160605944598761602
1155206640908386375
881834649674977280
758423982646624257
895729159303737414
1148486848402952242
1027593146550452224
1058826199763271800
1152517783461040168
1107962241556434954
1089911415592210533
832744920790990858
976620855222210630
1105059135873097759
844426556739026994
1016098348303908956
1086084466981744671
622545000089255947
1083351357832056843
600881621251653683
1154069273216561152
855842404988354611
1035020753743126598
1136197226494967829
1106656302907805766
1155071508662734858
1151521654070054984
896112253974220830
1151588569329176777
818322269083795507
1138215743041835038
847607034529447937
1151324073318690846
1150062397558632498
648166778161201172
1132088373763387395
637954930954600448
1162119825003384832
955023881482170378
816317863023345697
757702969993986220
1130626522638721156
1009036019183648878
1059108678613074021
1024760026243551292
1094638561879400470
1150192860705063083
855915211821940775
1161251211840868363
1073568212748357682
930517607054975028
1114280978807013566
1130546631079637174
608039184393043977
1041063806467584052
1157363998187073667
1153415391016669204
1149108681313632326
948434015617167360
1143509632921374760
1086380403411140750
858851725645185034
1142227155103781025
1157958721918488636
1075941454632980490
916681331516244010
1161527130685980722
691670817402257438
989196604978372611
1097760877710675968
848530045495672893
1122432875460038697
1105209707058167818
704906170040713228
1162393224896335955
1136181573373399101
1145843044613107763
764954975913639937
934386153770057798
492093891231612938
1139652169985958029
719185451214307408
1159583146279452742
888165850031489064
1129520205157105676
1113887724269744219
951142812978667561
1134095992426352722
1022432024407064587
1116096670489399416
983070255284912199
1149005500072087553
781810918430474251
1086268693371166720
1131328399378481304
1082331269402210304
795676446655381545
1069447779312750774
647959916325371924
1065015761799745689
1073929279924084778
987873357976436756
1118106692882792528
936305864879517787
1112384234691248208
705975898003865683
847608464158490624
609053267829194753
1058860348804960417
1122233433255587950
265837677452984321
1122056857331183686
1127352412718510131
864875043682385950
1130814614083477514
644622426772078613
595364905805152269
1094347222226845707
777504036726505523
1154730259518857218
1111566049528258610
1005070860639535135
1152320106672701502
1146144276531650611
847095517536452659
1150016326518190260
1162074550796820561
1124092407311511613
734022137484148837
1147622384686346331
812655137428471808
1015958857702453280
1108784867170332703
978807663649488936
1151769161261928468
902152853035032637
862504490175692832
840544542070669372
954389473221820468
828178081386332160
1158689937055547462
1109976249092288582
604919651742515210
776006473830236170
1151919631632711710
1157423825466699776
1143653034170257484
1091111551517339719
1160224637968470255
1150042125128441947
1156279787195748443
1130453810314231858
1155052428346003456
357146459675820033
1062742960296427570
1087809568643498104
1131152368591978516
1100857552880816191
871376720538787923
702731585883078747
978379876123955210
1136012816743145482
1113024795454480435
882707808221540412
644014732117934080
1061705259526926357
712582645015642133
1158360438241775698
625735171051749397
725720923956838430
1155484128607752313
838219215068463176
1161305204046692425
1013329619191087104
1021881254066540594
1071785463687426078
324809285924028417
988180610025685102
1159149362157469847
1056368698866274405
1120417361820909571
1014882034402992148
1128729540584296478
1061199102605545522
913433089882083398
781619990397976588
930475248091017246
566959842560835595
826028101485461515
1159196182808109158
860580129671610388
1021156074054758521
1020744043359121428
1160038813691813999
1072523802556244119
1138473473124073615
1118887424781717604
1057299695598317728
1085511490343284786
1160271577326289030
1150304088693682276
812132938011508796
1154496044491612244
652464226928951306
999450502179856444
1151774617053188127
1059197231984549908
1082518460497666068
1103972355115593728
848872644258168872
1124325190931857468
1148286539076468746
1006766531524436020
1071173611529973800
1088593571432640533
980203474321043516
1098267821605134387
1064528285817643050
968091819319631872
1108939751836356638
1125480101887365260
1027554815066251285
687448061840064546
1098757421217886209
787418400988069948
1152046138468356166
1015487817847160902
1001533692637888647
704156368826794004
1153604139704659979
1162322990386647040
369165408697057283
693166640648421536
1153254372524970116
672567330634727425
1151180381958189147
699630331074052158
646789573699174402
1128719121832484875
965675128975392809
671437738762829874
949799223686209656
1112083914236891196
1159822744079323147
1149899615861227580
974671353254936638
1160615434643570819
1156627897218502748
872102047124701275
1157308659508985906
1014187872326258688
1094036229865099378
1026195061731508284
912786563228893234
1159596754665218130
1133490793164849426
1158398942103486574
1160936302582169671
584147041664368640
857944605852303411
701687400321253436
864491983400992768
1151201738943119430
821728703993217024
964080446063390780
946172263017902130
1137128020986044416
1120380112253243504
1131533201588899920
1011966888789671967
908207609440522270
1129154852958785688
936662888691687445
893044553702047814
964873962754547744
1159904828428914749
909474959561211964
1110127936989831189
623582405411733505
1146503939953545335
764433340413378620
1122848162378432513
1160257559400288256
1063157074927812738
700733818633715812
628567438514192394
747078966929653841
1141728242290655363
363273540536893441
603886959479226388
1155590557079453798
862333352597651461
1003421932466745385
1037094968742912061
1137764603284181102
904281617944690759
1120623614367121518
1124974997413318680
1086627294703013888
964102106594283570
1151354296512827534
1151100880846856202
1139141076482007142
682538159913041930
1085930434417918053
704355088398942268
777989314482798613
791677711152185354
1144994336451334246
1153327263908114574
1115417430861291551
952975256417607680
803761113249873979
1136588837850730536
1155115363642658907
893598046804385802
930025689489485865
1128682262972608512
1146741560822734909
930904114865520681
1124071031984881804
1101230195144409248
979698297696567328
1157649881326944286
633012594051121183
1004080316534759514
1151193381763043438
815613163545952316
1156100094865711214
1029057635313524806
1121141718021046365
1059939536890777770
1035915788873379850
952308643846574150
1162169678622367845
937284259264217118
924330419527225404
892391839699730483
1129420953659641906
1140444388565205092
642364794275495947
822525099985993828
1149034904265424968
982455754277670934
1123252056489205891
1153321811551997962
785624919656497195
1146853317331386418
1020841893740953630
964133563127726100
1004715281328910357
1099446523672145950
1118533176550240306
619295021723549707
1156502520345137152
1135565562328662048
1157865392958623815
1161727007504224306
1155128890465984614
1147921730573185084
693552891256111225
1161607725046833253
1160303323736440932
773276417764884502
1156542220439146537
1137442179032305805
1149828358633435156
944909674661154847
1150047780006547508
835704459886985248
1151181568048627823
948080098135904347
1156925903138472036
951280301714329680
1079488114457849866
1013153536042868756
1067912754356301865
1109482584548843562
1127381592596295831
333327417164824576
697607949429899335
884941980789010463
946016207482544149
1080530466890850324
1161038315185782834
846718951789428767
903679591808376852
1153698960792363108
1104247215007989790
839201785570132009
1158062846299615383
1139251451722485860
1160756250204704890
671019742609539093
845813356320522260
809808045324107787
984443307176382487
1081268008359559229
675384388577656840
1056896481946243123
1162307198022582303
992438419152179210
962831703041277974
1126131037047631922
1095811706963374261
1061609875953700884
1133712439788191745
1105782219215212625
1155146381812572180
1154360023837843497
1091181852993277952
1141865677888684062
685526279671251023
1148599557362548757
1147058464426827850
1109205901275041923
1021010121872121928
1051079889702363186
725371675184726077
1127435205511229550
468885253679742986
770337595635925012
865666611305250827
1160793038709346387
897174094108315658
577909392628776989
1094055230922039326
1080137055083954326
794221895846723594
1032001055237603398
1141078103779713034
1162181513991950446
1157463714547638344
1082236489523539969
1160522559050227762
1160161813867016202
1150834976472969248
911342049855434812
1124477795989471292
895784099439067146
910065061039587338
1154398184655822848
1159090477447000114
1140155281297395712
1155476151289004095
1009544674693894224
662716322370813971
555870288299032586
1019781534338777178
1157879339640172654
859150489513492531
498936353984217099
870573822938595418
1156759631310356560
869556699286097940
482604396065325078
1032028049098674296
1025351723155464233
1093381026081943605
434052167154794497
987047757284003842
616046246666436609
1150804712568934523
427224568542003201
1125425030080254033
1142874808086966332
337356436667367436
878426295648796672
1113309583985881191
1160212361559420958
1151236930818813962
682717883314339965
1152074708888588318
998365400234475561
953121685933011016
785813553558454293
548900459952472068
1145687957597077534
1067901773555183787
1155321438602022982
690660212482506893
838543426454028339
891086752599666698
752643757782073354
1155066005391949864
296038296176427008
745121903391277058
1161979140086435860
1053929460623220737
987736137051283527
1157991131024478300
990365148814401547
1161044747104813118
1100099673844351139
363723845439586306
1076975175372914688
1102708731554316461
1152966529885937856
782501782168797184
867004527605841950
802120626981961759
1107764900270448700
381512906522755072
760419006808064001
1162030685750567033
924462297114611773
1137150410663141496
1160692502622371940
908852643697418250
1127337531302739969
971116102505619476
1149695176294531142
455052445085859862
717347074940600322
802149153601617921
872722048248598590
890008445162496021
1157698329770209370
929689184317358101
703210994976948305
1139014303245139979
757949834169679962
1132412262376816782
774504641018855424
1098295187991695370
1154856798197661809
807746681516458031
604423746769518603
1043609283171975208
1153717516670074941
1118673189661327441
1060358214333513768
491769129318088714
1040416553293852874
1142156080701509753
1159244770107994122
1100479029422858300
1159820128637165658
934102011052441622
926259408181264414
1108426187606339634
786957432924536842
624399698240733206
995468045201977406
1144721102338273281
1077196465132290091
1161727016270319656
1160340315102785546
1076951303110021211
1147176785558118491
1135520826746216558
1107727202482663464
694971889915002966
1088183142675910726
1058917110014820464
1121074832298229882
619192858263683074
250570092629327872
786656392584101948
1004102623500177489
706501551929425981
771760590988640276
1140244015619526736
1162097908091457628
1024166503832104960
1052616313807319181
1159606034478928003
1159851600223928320
707756872425406535
1160907177087729695
1068136274977882132
882194959304888372
720306470071173141
575033344413270016
770986790614073364
944090135526531124
1060285406068875436
1156600013678465034
1036616141189152780
587303276236767256
1136353568480296990
904257264775495730
1150629453005852683
1039086625432539157
1161380135707086982
790647592069103666
770014459660992532
957283390711812178
1150145297641640106
1159202440755818597
326609152493223946
1119629555678851092
1120442101566554202
1083056435044302948
1014115323726807152
1152088745483444224
819685239491788841
1095162187938549780
1148627191513501786
1068681111724625951
1089527977596956775
1121165851601670214
1121403958771060746
1099335272149307544
1132039766666395869
1127283421530570862
1162450420829007952
1149660063666028564
1086070387634348083
1049822252771856496
1158974001641705553
984657065786081380
1115027753897558117
1121002741943246868
598695814214320162
990728672153595905
1120586536254177321
1065736004889219092
987523958884663306
1120526818143916152
1114623532731731968
723878492835676230
646404800690520110
705462046845567017
1148726348244861030
733456310561013900
948705744864301057
906117250875027476
1112167748240416828
1153591722484449292
1007758603966488596
1102319293884018739
614543214489370634
697585506157985862
725623796043612292
1135618985510056098
1158019231443599492
1152614774190911538
1051938992188305509
299206991585214464
970699711113752626
1044333418453930004
1143480919643144304
1162477432448753834
1125836449930018896
781981793490436107
1034196468296339536
1120050385374150727
608343461430689868
799122217359114283
827017327039479829
1142165792532746362
1153745659388772463
938831577801170954
847815456323797032
1154844851276353626
1148202450646470676
961657802873524234
840652286447321099
720019113992257639
1161798001774317659
1159854051136131092
726114327949738024
1107770797495435374
415798060040323073
605422834910494724
571118649218170900
1124259111555571803
1147212094740115616
1051859592604286986
1120067825856430090
1162481728972132393
1121415227892826122
845454020956651530
1143398909457207387
1089974007832514630
1124684225031970937
1019339534833569864
928016996061290576
973034443293986886
1160310525796823060
1159215297283248159
1156142278444843059
1160200090292605028
1138981955728322590
1051045513434234894
481256228039819275
949758709024825385
1157366487540043797
721978388910440541
1162472427759087636
1087195248721145997
1142408537302114425
159985870458322944
1155521962043510804
1158873490678620160
465265998359166977
1069487700438175904
867809834203611207
785178930700615751
837421944026300443
1159278136379318423
828317663590875146
1151339169281495051
759484471837065297
893438771163455509
989297754134175746
753719380625326150
1110345730922643498
747052124273246280
1061327896184098856
435779912876556288
1149781702164627476
771434909092020276
1039009315303985193
570926984146714635
1161802309110616166
1155055316237561968
966128248868179972
1144029370277699704
1114167843123109978
666007891051806794
932655809903624283
788034354260738049
1162413494201761792
789714008890146837
1162368265125900449
837806104088018984
1140055452986654801
644102307700670464
880282077872939028
1100939326147268709
1160936100223787009
930105744039239690
1121177625965101119
1157448306859978784
516821972714520594
1160889754716483677
725677757014474894
1162496892823949433
828714345097199627
640148020503117825
1155972519447236728
1116126872208678952
1148687947034529852
800809390990032898
1086092566866448425
1078298364455682058
1134812408695771196
628852196267655168
1112812079141900328
913511023351328819
705964569717243964
750413976235540671
927623745521205338
857952997647843329
715905456312287269
527944904148647938
1001844594754990220
829772301242335273
786245521026449430
1090065282216775740
1068226996531888219
778016885266055218
1013541824511623278
924617068068892682
1091404679692427315
413853578474553344
954903686230970368
464962202353532930
431974924115247105
878554720350904320
1120319995688276038
1006559198840098906
718940001806843915
895227521870737459
1162516817290461314
1135427776833396800
1121061866500800533
1157783976270889011
1143188306713120819
1149265794669223967
1157076169800298630
1104418305437085746
1055537039438782545
781614000818880543
701489278651465749
1119526750817357957
996150295140774018
1120774285674422332
874391478422630462
1123776025340420257
771060206800732191
984930753613819904
1162528423181295637
1042436231985893506
1152501517807521792
1162530959892152402
1156211541759250533
1146353392814403604
1067293933949956097
1051259826807787620
1151178988027392133
1162347821115125792
885895404758122546
600331327341985793
1155682654079942728
1069346478167957655
1052919757818572800
749625985611071549
786345105476550708
1057733745370738728
358694044366274570
1059853916499628143
1078893527326535700
726787049608183838
900398353714659378
977455351509184582
1162565789468069958
831068544950206525
1152373224093528124
974759653147820033
1069248348332232765
655677980328067082
808722152638382110
1077747380214055052
466724981808693258
1162318783105466478
1155285871235453059
1066130367972638791
464216537147113474
1036019703547691089
1105798540212588637
1073657313992376380
492458977578319882
989166029383012452
973952953742409798
1142118228785627146
1131631767388946524
1008599902860877915
850661715871137812
1162159317936517170
1090091601029759076
1119665078371889223
1133337662074404954
916080490161799188
742665634860498974
1150885835202367518
795982124762398758
1126520669371379844
1158679449508773958
1107689789404237914
1155198523478917262
1156957125176741888
1101525613497557044
1113918619907260466
1152216106338099261
1156519096960163891
1082983148830347315
766374560412598313
1088251703465349170
1040256657600557077
1041680227048366090
1146534848102662174
1162579819297513482
1162641224851791912
1162604729793261609
1152409346639138846
1162368541249511565
474890152997814273
1017428803171143730
870488947237728287
1014610281244139540
939970663442178059
509416964532338749
1154838915841277972
1162371954049830912
741206807703453758
990102975299076106
961493774012411924
986816887524560906
881165867612782632
882657597918969866
1160136644666589214
1146802905630920815
1160566020872872026
1072842251195125872
1160322127145226250
670430544508616706
1157979946279510047
808289288738963498
1029864361306624021
907250651904487474
1136084545221963776
1068186945898954884
589938935309008927
1046365436020785192
1121587969522937917
1146723955252662272
1054952842152128512
991205498760216646
1156114894140231680
740018637905330196
617308379177811969
1086165888241238127
1129352527868076155
931301493519290408
1156828888048083025
898876342211313675
1134765405769052291
1153753842056437871
825259742216585248
1152319091336560751
1104132330697801818
1162273874306682920
1055069742500683786
1086276214290923529
984974390389276722
1149583703710912513
940675249677152267
1154457552109707265
1075825312434225235
1142899659883417670
1160276935293796404
891748617554108436
1149040119572074496
1138507616625119253
842486491825045516
1009515236270805122
1025420198800539669
1018613194241089566
1083185450879029258
657976016983031859
1116550467867119677
854843444144111616
1140710862009663499
732025227873353898
1112110282521710723
1126047446372458596
1142079726266097824
976831872459997184
695723379214254141
1134361056140070923
992163299145809921
1143751909786779718
992825574538096742
997379412750245908
1151260567517003806
1143869558655037512
1162686637722062908
1118522100316110929
873664247698169906
949949335196557384
1160769802202267649
536793242994212865
1162699734868299796
1127938815215026309
760942117831835659
1128997239658905660
1151861218743681084
1106801033381953629
1153646877389103166
1151841799091003442
764063680454852608
1162703111593406594
729412941052641290
1021240033820291103
830537687093608449
1143484292589162588
1151156960310329444
1061058994870956062
816460801916534804
985494819537305610
1060882502983634994
312639242423500801
1159538355906818058
1120085154107494451
807244126042456094
1078409088175710259
1087457131109822664
627842944384106497
1045364859967123526
725644213584396326
1131305840205381702
772803508230946836
1159539314619850783
1019304035641213028
970020995400335491
1147976706607546449
1151227698182639616
1126168907120652298
1086036407409180803
1126798980253237310
825366354953633802
1068106433410895872
626748724130873355
1160541183710335027
929660215241093160
1162431318848700458
1127784593358077973
1155470606372974665
1098199545793499146
1054398330102354011
1159083048747405332
1151443690968064072
772966902418898965
1153670531674017873
953511253278588973
1007624171477536869
1161988903457263616
1159113132854222879
1151892568435597403
903932039449948202
1156279065263734885
1127874014350676048
1152887745484705882
1157681533449146388
1082769581975805972
1158922490513469520
1136277743726776431
830473575647281232
1083755854563639359
1155551422071439422
667899303615791115
1133514435261108255
1116834900893519922
1139195043035496539
1045709356844466186
1162398172946120704
1157402192475603057
1101512376223809576
669949712048324608
1137124028562296923
1007993374827086006
1093489476841517096
676515385201262603
1022952663014453298
1080994748745142312
818507142977159219
1059597211794673684
971474568298520616
1129331544893427842
1113571427443023944
217011904533495809
1154374167450357820
1162397039724867645
1032151894652629032
1090360858548375603
1151206056089899018
1152563528692158474
987134671785689158
1137472934257115280
1145414575697711204
1106029237518991420
1162749080548692008
1016687182355906680
1152819892827992074
1080812133224292352
788056420850991125
1087224372273627266
1153718129969602600
607678449250729990
748946354377851013
1162763243010408579
1062815854481375313
1065240825153462313
1096166769237954613
1146386934407634944
1075317005881708554
1151557095418777702
1127251907245772852
1054743225820270593
1119039615278526565
1161462150955532421
840994230872965120
606537778951618571
1151947551390572594
722159031103389727
1162685208257110069
1074384371894714378
1124369224278737029
1003296117406040176
1147260918812643398
570363835182088202
1121210739751927889
280805599741083648
950116967203885107
1064486356862115840
1104064591790616676
860266445774520362
954735413354954752
1129905930776084480
1154337635255451689
1161508534631018547
1060499102225403974
714089102903083108
711953896553185310
1156975106774548552
1159536531996946553
963052660968267816
1149841066091090081
537435902612471809
559038210039349259
676439697786011658
600342388044595249
1154710224763109396
526728767302008863
931244210764513281
726101659964407890
975763635647430746
1162814613860139181
1151149808854237295
1080806785771896882
1116373693489233940
1069694326126424125
1111778954685190255
1116073036584595586
1118137437642817586
851778354368872449
674966876291596288
1136952288888492053
839279898395672616
889535111299756052
740343063632674836
1116678072431808533
1162830932156371136
945994563108081664
1161389368209068062
1155521847807451178
1158537540672954428
1106593523941245029
1162030892278100048
1151791140077588543
969977378757574726
1154652916288868432
936034708062613514
1114617563981283348
688878713131368508
1156754412354674719
1162853505351028736
